# instance_9
# Adapted from rwth-Networked Cooperative Platoon of Vehicles for Testing Methods and Verification Tools (2 vehicles)

# A
6 6
0 1 0 0 0 0 0 0 -1 0 0 0 1.6050 4.8680 -3.5754 -0.8198 0.4270 -0.0450 0 0 0 0 1 0 0 0 1 0 0 -1 0.8718 3.8140 -0.0754 1.1936 3.6258 -3.2396
# B
6 6
1 0 0 0 0 0 0 1 0 0 0 0 0 0 1 0 0 0 0 0 0 1 0 0 0 0 0 0 1 0 0 0 0 0 0 1
# U_coeff
12 6
-1 0 0 0 0 0 0 -1 0 0 0 0 0 0 -1 0 0 0 0 0 0 -1 0 0 0 0 0 0 -1 0 0 0 0 0 0 -1 1 0 0 0 0 0 0 1 0 0 0 0 0 0 1 0 0 0 0 0 0 1 0 0 0 0 0 0 1 0 0 0 0 0 0 1
# U_col
12 1
0 9 0 0 0 0 0 1 0 0 0 0
# X0_coeff
12 6
-1 0 0 0 0 0 0 -1 0 0 0 0 0 0 -1 0 0 0 0 0 0 -1 0 0 0 0 0 0 -1 0 0 0 0 0 0 -1 1 0 0 0 0 0 0 1 0 0 0 0 0 0 1 0 0 0 0 0 0 1 0 0 0 0 0 0 1 0 0 0 0 0 0 1
# X0_col
12 1
0 0 0 0 0 0 0 0 0 0 0 0

# A
# 0 1 0 0 0 0
# 0 0 -1 0 0 0
# 1.6050 4.8680 -3.5754 -0.8198 0.4270 -0.0450
# 0 0 0 0 1 0
# 0 0 1 0 0 -1
# 0.8718 3.8140 -0.0754 1.1936 3.6258 -3.2396


# B
# 1 0 0 0 0 0
# 0 1 0 0 0 0
# 0 0 1 0 0 0
# 0 0 0 1 0 0
# 0 0 0 0 1 0
# 0 0 0 0 0 1

# U_coeff
# -1 0 0 0 0 0
# 0 -1 0 0 0 0
# 0 0 -1 0 0 0
# 0 0 0 -1 0 0
# 0 0 0 0 -1 0
# 0 0 0 0 0 -1
# 1 0 0 0 0 0
# 0 1 0 0 0 0
# 0 0 1 0 0 0
# 0 0 0 1 0 0
# 0 0 0 0 1 0
# 0 0 0 0 0 1

# X0_coeff
# -1 0 0 0 0 0
# 0 -1 0 0 0 0
# 0 0 -1 0 0 0
# 0 0 0 -1 0 0
# 0 0 0 0 -1 0
# 0 0 0 0 0 -1
# 1 0 0 0 0 0
# 0 1 0 0 0 0
# 0 0 1 0 0 0
# 0 0 0 1 0 0
# 0 0 0 0 1 0
# 0 0 0 0 0 1

