# Networked Cooperative Platoon of Vehicles for Testing Methods and Verification Tools (2 vehicles)
# direction type
1

# horizon
20

# sampling time
0.01

# opvars
0 1

# dim
6

# A
0 1 0 0 0 0
0 0 -1 0 0 0
1.6050 4.8680 -3.5754 -0.8198 0.4270 -0.0450
0 0 0 0 1 0
0 0 1 0 0 -1
0.8718 3.8140 -0.0754 1.1936 3.6258 -3.2396

# B
1 0 0 0 0 0
0 1 0 0 0 0
0 0 1 0 0 0
0 0 0 1 0 0
0 0 0 0 1 0
0 0 0 0 0 1

# U_coeff
-1 0 0 0 0 0
0 -1 0 0 0 0
0 0 -1 0 0 0
0 0 0 -1 0 0
0 0 0 0 -1 0
0 0 0 0 0 -1
1 0 0 0 0 0
0 1 0 0 0 0
0 0 1 0 0 0
0 0 0 1 0 0
0 0 0 0 1 0
0 0 0 0 0 1

# U_col
0 9 0 0 0 0 0 1 0 0 0 0

# X0_coeff
-1 0 0 0 0 0
0 -1 0 0 0 0
0 0 -1 0 0 0
0 0 0 -1 0 0
0 0 0 0 -1 0
0 0 0 0 0 -1
1 0 0 0 0 0
0 1 0 0 0 0
0 0 1 0 0 0
0 0 0 1 0 0
0 0 0 0 1 0
0 0 0 0 0 1

# X0_col
0 0 0 0 0 0 0 0 0 0 0 0