# Networked Cooperative Platoon of Vehicles for Testing Methods and Verification Tools (3 vehicles)
# dim
9

# A
0 1 0 0 0 0 0 0 0
0 0 -1 0 0 0 0 0 0
1.6050 4.8680 -3.5754 -0.8198 0.4270 -0.0450 -0.1942 0.3626 -0.0946
0 0 0 0 1 0 0 0 0
0 0 1 0 0 -1 0 0 0
0.8718 3.8140 -0.0754 1.1936 3.6258 -3.2396 -0.5950 0.1294 -0.0796
0 0 0 0 0 0 0 1 0
0 0 0 0 0 1 0 0 -1
0.7132 3.5730 -0.0964 0.8472 3.2568 -0.0876 1.2726 3.0720 -3.1356

# B
1 0 0 0 0 0 0 0 0
0 1 0 0 0 0 0 0 0
0 0 1 0 0 0 0 0 0
0 0 0 1 0 0 0 0 0
0 0 0 0 1 0 0 0 0
0 0 0 0 0 1 0 0 0
0 0 0 0 0 0 1 0 0
0 0 0 0 0 0 0 1 0
0 0 0 0 0 0 0 0 1

# U_coeff
-1 0 0 0 0 0 0 0 0
0 -1 0 0 0 0 0 0 0
0 0 -1 0 0 0 0 0 0
0 0 0 -1 0 0 0 0 0
0 0 0 0 -1 0 0 0 0
0 0 0 0 0 -1 0 0 0
0 0 0 0 0 0 -1 0 0
0 0 0 0 0 0 0 -1 0
0 0 0 0 0 0 0 0 -1
1 0 0 0 0 0 0 0 0
0 1 0 0 0 0 0 0 0
0 0 1 0 0 0 0 0 0
0 0 0 1 0 0 0 0 0
0 0 0 0 1 0 0 0 0
0 0 0 0 0 1 0 0 0
0 0 0 0 0 0 1 0 0
0 0 0 0 0 0 0 1 0
0 0 0 0 0 0 0 0 1

# U_col
0 9 0 0 0 0 0 0 0 0 -1 0 0 0 0 0 0 0

# X0_coeff
-1 0 0 0 0 0 0 0 0
0 -1 0 0 0 0 0 0 0
0 0 -1 0 0 0 0 0 0
0 0 0 -1 0 0 0 0 0
0 0 0 0 -1 0 0 0 0
0 0 0 0 0 -1 0 0 0
0 0 0 0 0 0 -1 0 0
0 0 0 0 0 0 0 -1 0
0 0 0 0 0 0 0 0 -1
1 0 0 0 0 0 0 0 0
0 1 0 0 0 0 0 0 0
0 0 1 0 0 0 0 0 0
0 0 0 1 0 0 0 0 0
0 0 0 0 1 0 0 0 0
0 0 0 0 0 1 0 0 0
0 0 0 0 0 0 1 0 0
0 0 0 0 0 0 0 1 0
0 0 0 0 0 0 0 0 1

# X0_col
0 0 0 0 0 0 0 0 0 0 0 0 0 0 0 0 0 0