# instance_11
# Networked Cooperative Platoon of Vehicles for Testing Methods and Verification Tools (3 vehicles, communication dropout)
# direction type
1

# horizon
20

# sampling time
0.01

# opvars
0 1

# dim
9

# A
0 1 0 0 0 0 0 0 0
0 0 -1 0 0 0 0 0 0
1.6050 4.8680 -3.5754 0 0 0 0 0 0
0 0 0 0 1 0 0 0 0
0 0 1 0 0 -1 0 0 0
0 0 0 1.1936 3.6258 -3.2396 0 0 0
0 0 0 0 0 0 0 1 0
0 0 0 0 0 1 0 0 -1
0.7132 3.5730 -0.0964 0.8472 3.2568 -0.0876 1.2726 3.0720 -3.1356

# B
1 0 0 0 0 0 0 0 0
0 1 0 0 0 0 0 0 0
0 0 1 0 0 0 0 0 0
0 0 0 1 0 0 0 0 0
0 0 0 0 1 0 0 0 0
0 0 0 0 0 1 0 0 0
0 0 0 0 0 0 1 0 0
0 0 0 0 0 0 0 1 0
0 0 0 0 0 0 0 0 1

# U_coeff
-1 0 0 0 0 0 0 0 0
0 -1 0 0 0 0 0 0 0
0 0 -1 0 0 0 0 0 0
0 0 0 -1 0 0 0 0 0
0 0 0 0 -1 0 0 0 0
0 0 0 0 0 -1 0 0 0
0 0 0 0 0 0 -1 0 0
0 0 0 0 0 0 0 -1 0
0 0 0 0 0 0 0 0 -1
1 0 0 0 0 0 0 0 0
0 1 0 0 0 0 0 0 0
0 0 1 0 0 0 0 0 0
0 0 0 1 0 0 0 0 0
0 0 0 0 1 0 0 0 0
0 0 0 0 0 1 0 0 0
0 0 0 0 0 0 1 0 0
0 0 0 0 0 0 0 1 0
0 0 0 0 0 0 0 0 1

# U_col
0 9 0 0 0 0 0 0 0 0 -1 0 0 0 0 0 0 0

# X0_coeff
-1 0 0 0 0 0 0 0 0
0 -1 0 0 0 0 0 0 0
0 0 -1 0 0 0 0 0 0
0 0 0 -1 0 0 0 0 0
0 0 0 0 -1 0 0 0 0
0 0 0 0 0 -1 0 0 0
0 0 0 0 0 0 -1 0 0
0 0 0 0 0 0 0 -1 0
0 0 0 0 0 0 0 0 -1
1 0 0 0 0 0 0 0 0
0 1 0 0 0 0 0 0 0
0 0 1 0 0 0 0 0 0
0 0 0 1 0 0 0 0 0
0 0 0 0 1 0 0 0 0
0 0 0 0 0 1 0 0 0
0 0 0 0 0 0 1 0 0
0 0 0 0 0 0 0 1 0
0 0 0 0 0 0 0 0 1

# X0_col
0 0 0 0 0 0 0 0 0 0 0 0 0 0 0 0 0 0